           1           1 (-0.487362296714663,0.000000000000000E+000)
           2           1 (-9.978590463229312E-002,0.000000000000000E+000)
           2           2 (-0.566757273172407,0.000000000000000E+000)
           3           1 (4.178218941320238E-003,0.000000000000000E+000)
           3           2 (-9.879676247492722E-002,0.000000000000000E+000)
           3           3 (-0.580620163420833,0.000000000000000E+000)
           4           1 (1.454565986138617E-002,0.000000000000000E+000)
           4           2 (-1.263434909400750E-002,0.000000000000000E+000)
           4           3 (8.154744751259704E-002,0.000000000000000E+000)
           4           4 (-0.564408762751143,0.000000000000000E+000)
           5           1 (-2.231355487488064E-003,0.000000000000000E+000)
           5           2 (-1.833375098627137E-002,0.000000000000000E+000)
           5           3 (1.921293001879850E-002,0.000000000000000E+000)
           5           4 (7.466708135779797E-002,0.000000000000000E+000)
           5           5 (-0.552252754459976,0.000000000000000E+000)
           6           1 (1.479545183090339E-002,0.000000000000000E+000)
           6           2 (-2.895660080412150E-004,0.000000000000000E+000)
           6           3 (4.210292263030872E-003,0.000000000000000E+000)
           6           4 (2.380637360568300E-002,0.000000000000000E+000)
           6           5 (6.929888051713855E-002,0.000000000000000E+000)
           6           6 (-0.534776555804151,0.000000000000000E+000)
           7           1 (4.159167795055178E-002,0.000000000000000E+000)
           7           2 (7.443345667333146E-003,0.000000000000000E+000)
           7           3 (-3.916117991080041E-002,0.000000000000000E+000)
           7           4 (2.402946668631935E-002,0.000000000000000E+000)
           7           5 (-2.656046801063702E-002,0.000000000000000E+000)
           7           6 (2.102304427482263E-002,0.000000000000000E+000)
           7           7 (-0.491930091974479,0.000000000000000E+000)
           8           1 (-4.122700258949751E-003,0.000000000000000E+000)
           8           2 (1.251069472166294E-002,0.000000000000000E+000)
           8           3 (-2.925045687836234E-004,0.000000000000000E+000)
           8           4 (-7.299324495683816E-003,0.000000000000000E+000)
           8           5 (-1.654336619907219E-002,0.000000000000000E+000)
           8           6 (-7.378072012986173E-002,0.000000000000000E+000)
           8           7 (-7.318794086648523E-003,0.000000000000000E+000)
           8           8 (-0.532060162495663,0.000000000000000E+000)
           9           1 (4.678861446208717E-003,0.000000000000000E+000)
           9           2 (-1.781250115052095E-002,0.000000000000000E+000)
           9           3 (-1.881154910396105E-002,0.000000000000000E+000)
           9           4 (-8.238753924237559E-003,0.000000000000000E+000)
           9           5 (4.858118476444318E-003,0.000000000000000E+000)
           9           6 (-5.224220007565008E-003,0.000000000000000E+000)
           9           7 (7.046302927652637E-002,0.000000000000000E+000)
           9           8 (3.736246131209033E-002,0.000000000000000E+000)
           9           9 (-0.536575223527021,0.000000000000000E+000)
          10           1 (3.011384484482991E-003,0.000000000000000E+000)
          10           2 (-2.483560087752570E-002,0.000000000000000E+000)
          10           3 (-5.146702849257237E-003,0.000000000000000E+000)
          10           4 (-6.246589702851996E-003,0.000000000000000E+000)
          10           5 (1.531025690372058E-002,0.000000000000000E+000)
          10           6 (1.084272805460644E-002,0.000000000000000E+000)
          10           7 (6.117339361390546E-002,0.000000000000000E+000)
          10           8 (-6.266083035520231E-002,0.000000000000000E+000)
          10           9 (1.530480030359686E-002,0.000000000000000E+000)
          10          10 (-0.510717702711109,0.000000000000000E+000)
          11           1 (-1.506128358563560E-004,0.000000000000000E+000)
          11           2 (1.201100423506141E-003,0.000000000000000E+000)
          11           3 (5.083138646607220E-003,0.000000000000000E+000)
          11           4 (5.150746139186623E-003,0.000000000000000E+000)
          11           5 (8.741874857072316E-004,0.000000000000000E+000)
          11           6 (3.132579491572714E-003,0.000000000000000E+000)
          11           7 (-8.884990861387703E-003,0.000000000000000E+000)
          11           8 (-7.914716946639122E-003,0.000000000000000E+000)
          11           9 (-5.416377771059955E-002,0.000000000000000E+000)
          11          10 (4.331400474339130E-002,0.000000000000000E+000)
          11          11 (-0.533875311834932,0.000000000000000E+000)
          12           1 (-5.626026579314674E-004,0.000000000000000E+000)
          12           2 (-2.822457263263635E-003,0.000000000000000E+000)
          12           3 (5.095258391969336E-003,0.000000000000000E+000)
          12           4 (-6.049413330822605E-004,0.000000000000000E+000)
          12           5 (2.642585781550313E-003,0.000000000000000E+000)
          12           6 (1.941683601325763E-003,0.000000000000000E+000)
          12           7 (4.835084491524920E-004,0.000000000000000E+000)
          12           8 (-3.948002295367838E-003,0.000000000000000E+000)
          12           9 (2.938002881829277E-003,0.000000000000000E+000)
          12          10 (1.841553832253238E-002,0.000000000000000E+000)
          12          11 (6.102103995571935E-002,0.000000000000000E+000)
          12          12 (-0.532432188534664,0.000000000000000E+000)
          13           1 (4.241052524328498E-003,0.000000000000000E+000)
          13           2 (1.727394118549925E-002,0.000000000000000E+000)
          13           3 (-2.309197590017304E-002,0.000000000000000E+000)
          13           4 (2.115471072446933E-002,0.000000000000000E+000)
          13           5 (-6.852241185598415E-003,0.000000000000000E+000)
          13           6 (-5.389046023712856E-003,0.000000000000000E+000)
          13           7 (-1.361273618342839E-002,0.000000000000000E+000)
          13           8 (1.362947521842501E-002,0.000000000000000E+000)
          13           9 (-5.693351459119393E-002,0.000000000000000E+000)
          13          10 (-6.868979724226039E-002,0.000000000000000E+000)
          13          11 (2.020618155652682E-002,0.000000000000000E+000)
          13          12 (-1.865660659887021E-003,0.000000000000000E+000)
          13          13 (-0.536309022975196,0.000000000000000E+000)
          14           1 (-3.590337419850785E-003,0.000000000000000E+000)
          14           2 (4.853904184908277E-003,0.000000000000000E+000)
          14           3 (-1.805560645651557E-002,0.000000000000000E+000)
          14           4 (-6.386561002381539E-003,0.000000000000000E+000)
          14           5 (1.586261600946057E-002,0.000000000000000E+000)
          14           6 (-5.033348511652025E-003,0.000000000000000E+000)
          14           7 (-5.017623117212537E-003,0.000000000000000E+000)
          14           8 (3.627679874476413E-003,0.000000000000000E+000)
          14           9 (-3.014804288202628E-003,0.000000000000000E+000)
          14          10 (-1.108128806371420E-002,0.000000000000000E+000)
          14          11 (8.273452226826013E-004,0.000000000000000E+000)
          14          12 (-7.452567892490569E-003,0.000000000000000E+000)
          14          13 (7.401500031679885E-002,0.000000000000000E+000)
          14          14 (-0.527704992579665,0.000000000000000E+000)
          15           1 (-3.409613546374902E-004,0.000000000000000E+000)
          15           2 (4.367653339049239E-003,0.000000000000000E+000)
          15           3 (-1.927712530511168E-003,0.000000000000000E+000)
          15           4 (-7.024826491079356E-003,0.000000000000000E+000)
          15           5 (4.914957561625286E-003,0.000000000000000E+000)
          15           6 (1.731353997698901E-003,0.000000000000000E+000)
          15           7 (-3.989262185763429E-003,0.000000000000000E+000)
          15           8 (6.711001243387346E-004,0.000000000000000E+000)
          15           9 (-2.072161874878332E-003,0.000000000000000E+000)
          15          10 (-5.177097198938094E-003,0.000000000000000E+000)
          15          11 (1.091533060067755E-003,0.000000000000000E+000)
          15          12 (-1.233185711992893E-003,0.000000000000000E+000)
          15          13 (5.323360772138467E-003,0.000000000000000E+000)
          15          14 (3.997941125187411E-002,0.000000000000000E+000)
          15          15 (-0.449628466130853,0.000000000000000E+000)
          16           1 (8.030883722870939E-004,0.000000000000000E+000)
          16           2 (5.223212053923747E-003,0.000000000000000E+000)
          16           3 (-1.134998919604299E-002,0.000000000000000E+000)
          16           4 (-1.102304334554082E-002,0.000000000000000E+000)
          16           5 (-3.517780638819024E-003,0.000000000000000E+000)
          16           6 (1.429212009816732E-002,0.000000000000000E+000)
          16           7 (-5.265295113477319E-003,0.000000000000000E+000)
          16           8 (2.927534769245132E-003,0.000000000000000E+000)
          16           9 (-7.296950636659631E-003,0.000000000000000E+000)
          16          10 (-1.007076768843371E-002,0.000000000000000E+000)
          16          11 (-5.061091982594967E-004,0.000000000000000E+000)
          16          12 (-1.603803010121253E-003,0.000000000000000E+000)
          16          13 (1.351297516968783E-002,0.000000000000000E+000)
          16          14 (5.674281211427659E-002,0.000000000000000E+000)
          16          15 (4.830076858179280E-002,0.000000000000000E+000)
          16          16 (-0.519751080641913,0.000000000000000E+000)
          17           1 (1.382300329675496E-003,0.000000000000000E+000)
          17           2 (-2.796869789761041E-003,0.000000000000000E+000)
          17           3 (7.860754210604663E-003,0.000000000000000E+000)
          17           4 (9.308921955660108E-003,0.000000000000000E+000)
          17           5 (9.919890142324696E-003,0.000000000000000E+000)
          17           6 (1.273898890760105E-003,0.000000000000000E+000)
          17           7 (2.709729689979897E-003,0.000000000000000E+000)
          17           8 (1.311818341150032E-002,0.000000000000000E+000)
          17           9 (2.391226453189569E-003,0.000000000000000E+000)
          17          10 (2.367086352143752E-003,0.000000000000000E+000)
          17          11 (7.187224393186533E-004,0.000000000000000E+000)
          17          12 (2.143272061083473E-003,0.000000000000000E+000)
          17          13 (-1.126180055229010E-002,0.000000000000000E+000)
          17          14 (-9.500072845496407E-003,0.000000000000000E+000)
          17          15 (-1.054399730530083E-002,0.000000000000000E+000)
          17          16 (-6.834578044309489E-002,0.000000000000000E+000)
          17          17 (-0.529789417898129,0.000000000000000E+000)
          18           1 (7.107465414512158E-004,0.000000000000000E+000)
          18           2 (3.925358364503583E-003,0.000000000000000E+000)
          18           3 (-7.815271274963658E-003,0.000000000000000E+000)
          18           4 (-6.081754690264850E-003,0.000000000000000E+000)
          18           5 (-7.776242534290234E-003,0.000000000000000E+000)
          18           6 (-8.259836195315690E-003,0.000000000000000E+000)
          18           7 (2.840095789352500E-003,0.000000000000000E+000)
          18           8 (1.477599593556693E-003,0.000000000000000E+000)
          18           9 (-1.292703529427001E-002,0.000000000000000E+000)
          18          10 (1.834584579856650E-003,0.000000000000000E+000)
          18          11 (2.533925852760510E-003,0.000000000000000E+000)
          18          12 (-1.645870517543408E-003,0.000000000000000E+000)
          18          13 (5.403317367769922E-003,0.000000000000000E+000)
          18          14 (4.347244539539382E-003,0.000000000000000E+000)
          18          15 (3.176594613480195E-003,0.000000000000000E+000)
          18          16 (7.067712552596341E-003,0.000000000000000E+000)
          18          17 (-6.829960931558897E-002,0.000000000000000E+000)
          18          18 (-0.532750871849878,0.000000000000000E+000)
          19           1 (1.206016117484551E-003,0.000000000000000E+000)
          19           2 (-2.048378046078402E-003,0.000000000000000E+000)
          19           3 (7.133799338791166E-003,0.000000000000000E+000)
          19           4 (8.853017400503727E-003,0.000000000000000E+000)
          19           5 (6.359710979288642E-003,0.000000000000000E+000)
          19           6 (6.860450099229899E-003,0.000000000000000E+000)
          19           7 (-2.275579481654329E-003,0.000000000000000E+000)
          19           8 (-7.634352802046699E-003,0.000000000000000E+000)
          19           9 (-5.131156461137564E-003,0.000000000000000E+000)
          19          10 (-2.051047152565320E-003,0.000000000000000E+000)
          19          11 (-6.962222528765416E-003,0.000000000000000E+000)
          19          12 (-4.357794219259190E-004,0.000000000000000E+000)
          19          13 (-5.299573585536120E-003,0.000000000000000E+000)
          19          14 (-3.881335064176573E-003,0.000000000000000E+000)
          19          15 (5.386746013662791E-004,0.000000000000000E+000)
          19          16 (-5.343881378514489E-003,0.000000000000000E+000)
          19          17 (6.683030581002808E-003,0.000000000000000E+000)
          19          18 (-6.880549625057866E-002,0.000000000000000E+000)
          19          19 (-0.559442959339196,0.000000000000000E+000)
          20           1 (-3.096982180172491E-004,0.000000000000000E+000)
          20           2 (6.813494482805336E-004,0.000000000000000E+000)
          20           3 (-3.549405587431589E-003,0.000000000000000E+000)
          20           4 (-8.721940517837968E-003,0.000000000000000E+000)
          20           5 (-8.158186413368037E-003,0.000000000000000E+000)
          20           6 (-7.197491517183807E-003,0.000000000000000E+000)
          20           7 (7.367955491112676E-003,0.000000000000000E+000)
          20           8 (5.453290959432695E-003,0.000000000000000E+000)
          20           9 (1.341326287483207E-002,0.000000000000000E+000)
          20          10 (1.478216201042892E-003,0.000000000000000E+000)
          20          11 (-8.473829127105408E-003,0.000000000000000E+000)
          20          12 (3.095796763382223E-004,0.000000000000000E+000)
          20          13 (-9.853480558839287E-003,0.000000000000000E+000)
          20          14 (1.283203553158256E-003,0.000000000000000E+000)
          20          15 (1.389683869574009E-003,0.000000000000000E+000)
          20          16 (-1.984713945801918E-003,0.000000000000000E+000)
          20          17 (-2.069714064426828E-003,0.000000000000000E+000)
          20          18 (-2.093789413808545E-003,0.000000000000000E+000)
          20          19 (-6.292441963167072E-002,0.000000000000000E+000)
          20          20 (-0.810224018419263,0.000000000000000E+000)
          21           1 (7.153373451765095E-003,0.000000000000000E+000)
          21           2 (6.108088460521978E-003,0.000000000000000E+000)
          21           3 (-1.918451409464347E-002,0.000000000000000E+000)
          21           4 (-2.693583269696741E-003,0.000000000000000E+000)
          21           5 (-1.098368082800106E-002,0.000000000000000E+000)
          21           6 (-1.837128958577345E-003,0.000000000000000E+000)
          21           7 (7.104485324251389E-003,0.000000000000000E+000)
          21           8 (7.034227291554513E-003,0.000000000000000E+000)
          21           9 (-1.744548838402475E-002,0.000000000000000E+000)
          21          10 (-2.833571900975708E-002,0.000000000000000E+000)
          21          11 (6.716151286017566E-003,0.000000000000000E+000)
          21          12 (9.091181436678281E-004,0.000000000000000E+000)
          21          13 (3.496358251777634E-002,0.000000000000000E+000)
          21          14 (-3.866348513747309E-003,0.000000000000000E+000)
          21          15 (-2.970929359496203E-003,0.000000000000000E+000)
          21          16 (8.491591269774862E-003,0.000000000000000E+000)
          21          17 (-3.827215192227658E-003,0.000000000000000E+000)
          21          18 (8.706471708316598E-003,0.000000000000000E+000)
          21          19 (-3.860164653140369E-002,0.000000000000000E+000)
          21          20 (-5.915773845950525E-002,0.000000000000000E+000)
          21          21 (-0.559478828067964,0.000000000000000E+000)
          22           1 (-8.594367069500092E-003,0.000000000000000E+000)
          22           2 (-3.143694344104517E-003,0.000000000000000E+000)
          22           3 (2.110567232677599E-002,0.000000000000000E+000)
          22           4 (3.989752253035207E-003,0.000000000000000E+000)
          22           5 (1.279023851812151E-002,0.000000000000000E+000)
          22           6 (3.199757901357969E-003,0.000000000000000E+000)
          22           7 (-1.609223558821116E-002,0.000000000000000E+000)
          22           8 (-8.046203016598917E-003,0.000000000000000E+000)
          22           9 (1.285048822795466E-002,0.000000000000000E+000)
          22          10 (2.522507190335740E-002,0.000000000000000E+000)
          22          11 (3.605755190916027E-004,0.000000000000000E+000)
          22          12 (9.123958694199533E-003,0.000000000000000E+000)
          22          13 (-3.902034020033825E-002,0.000000000000000E+000)
          22          14 (7.371136128008460E-003,0.000000000000000E+000)
          22          15 (7.991987453232688E-003,0.000000000000000E+000)
          22          16 (-8.617576068903938E-003,0.000000000000000E+000)
          22          17 (-3.122718136497241E-003,0.000000000000000E+000)
          22          18 (-2.948879850971961E-003,0.000000000000000E+000)
          22          19 (-2.373415806589244E-002,0.000000000000000E+000)
          22          20 (-3.329865850697719E-002,0.000000000000000E+000)
          22          21 (-7.099017330924956E-002,0.000000000000000E+000)
          22          22 (-0.566796069633881,0.000000000000000E+000)
          23           1 (1.314243147054575E-002,0.000000000000000E+000)
          23           2 (-1.538329400372102E-002,0.000000000000000E+000)
          23           3 (-2.418724990362612E-003,0.000000000000000E+000)
          23           4 (1.153833988256165E-002,0.000000000000000E+000)
          23           5 (2.938028399692095E-003,0.000000000000000E+000)
          23           6 (1.162278464922168E-002,0.000000000000000E+000)
          23           7 (5.024222482252004E-002,0.000000000000000E+000)
          23           8 (-9.251784701816885E-003,0.000000000000000E+000)
          23           9 (9.233650257155297E-003,0.000000000000000E+000)
          23          10 (2.298240815318608E-003,0.000000000000000E+000)
          23          11 (1.545687809723732E-003,0.000000000000000E+000)
          23          12 (-3.856377481580874E-003,0.000000000000000E+000)
          23          13 (2.863106649037057E-002,0.000000000000000E+000)
          23          14 (-1.022250731455409E-002,0.000000000000000E+000)
          23          15 (-1.383812785047741E-002,0.000000000000000E+000)
          23          16 (-1.009292320047411E-003,0.000000000000000E+000)
          23          17 (3.027108318484253E-003,0.000000000000000E+000)
          23          18 (-2.662286704990143E-003,0.000000000000000E+000)
          23          19 (5.712369968885536E-003,0.000000000000000E+000)
          23          20 (4.674230314288674E-003,0.000000000000000E+000)
          23          21 (-4.679521746903335E-002,0.000000000000000E+000)
          23          22 (2.753632642924996E-002,0.000000000000000E+000)
          23          23 (-0.535239236140244,0.000000000000000E+000)
          24           1 (-5.852939412154874E-003,0.000000000000000E+000)
          24           2 (-1.303087539817514E-002,0.000000000000000E+000)
          24           3 (-9.334178730020529E-003,0.000000000000000E+000)
          24           4 (-1.961090683233182E-002,0.000000000000000E+000)
          24           5 (4.703621863321395E-003,0.000000000000000E+000)
          24           6 (-1.138762471448746E-002,0.000000000000000E+000)
          24           7 (1.526103940497225E-002,0.000000000000000E+000)
          24           8 (-6.061238276420341E-003,0.000000000000000E+000)
          24           9 (2.756329324217029E-002,0.000000000000000E+000)
          24          10 (1.848835152872636E-002,0.000000000000000E+000)
          24          11 (-5.841845592168822E-003,0.000000000000000E+000)
          24          12 (-3.979171745238318E-003,0.000000000000000E+000)
          24          13 (3.548290495517940E-002,0.000000000000000E+000)
          24          14 (3.224276355711901E-002,0.000000000000000E+000)
          24          15 (-3.942188664831803E-003,0.000000000000000E+000)
          24          16 (-6.465010900590776E-003,0.000000000000000E+000)
          24          17 (-1.135006968277455E-002,0.000000000000000E+000)
          24          18 (4.246591373511226E-004,0.000000000000000E+000)
          24          19 (-1.113556861649004E-002,0.000000000000000E+000)
          24          20 (-6.412061810902099E-003,0.000000000000000E+000)
          24          21 (4.596322674066852E-002,0.000000000000000E+000)
          24          22 (-2.266791812792528E-002,0.000000000000000E+000)
          24          23 (2.664199430889725E-002,0.000000000000000E+000)
          24          24 (-0.514158757577893,0.000000000000000E+000)
          25           1 (-2.171536374668405E-003,0.000000000000000E+000)
          25           2 (-1.381281598006513E-003,0.000000000000000E+000)
          25           3 (-2.140692731228423E-003,0.000000000000000E+000)
          25           4 (-7.439136056169729E-003,0.000000000000000E+000)
          25           5 (-2.099488678112531E-004,0.000000000000000E+000)
          25           6 (-4.595441328465897E-003,0.000000000000000E+000)
          25           7 (-2.173005692261587E-003,0.000000000000000E+000)
          25           8 (4.721592155774029E-004,0.000000000000000E+000)
          25           9 (5.324518150003403E-003,0.000000000000000E+000)
          25          10 (2.189679139338504E-003,0.000000000000000E+000)
          25          11 (-1.108914053489060E-003,0.000000000000000E+000)
          25          12 (-4.643216507560463E-003,0.000000000000000E+000)
          25          13 (4.516875145738794E-003,0.000000000000000E+000)
          25          14 (1.166367394975587E-002,0.000000000000000E+000)
          25          15 (1.895293350657065E-003,0.000000000000000E+000)
          25          16 (-3.684795163444570E-003,0.000000000000000E+000)
          25          17 (-2.366604919836244E-003,0.000000000000000E+000)
          25          18 (-5.822646073832433E-003,0.000000000000000E+000)
          25          19 (3.143365156095954E-003,0.000000000000000E+000)
          25          20 (-7.603170756664360E-003,0.000000000000000E+000)
          25          21 (-4.350784833432533E-002,0.000000000000000E+000)
          25          22 (-7.445756468218769E-002,0.000000000000000E+000)
          25          23 (-2.471889318216001E-002,0.000000000000000E+000)
          25          24 (1.713154125477594E-002,0.000000000000000E+000)
          25          25 (-0.539698660208340,0.000000000000000E+000)
          26           1 (-3.254339093991544E-003,0.000000000000000E+000)
          26           2 (-1.269519464196097E-003,0.000000000000000E+000)
          26           3 (-6.204315465276187E-003,0.000000000000000E+000)
          26           4 (1.257744360979003E-002,0.000000000000000E+000)
          26           5 (9.936784036349811E-003,0.000000000000000E+000)
          26           6 (-7.763614833559578E-004,0.000000000000000E+000)
          26           7 (-5.969029342742317E-003,0.000000000000000E+000)
          26           8 (-6.108308475344370E-003,0.000000000000000E+000)
          26           9 (-3.994727373623982E-003,0.000000000000000E+000)
          26          10 (-3.285838131684145E-003,0.000000000000000E+000)
          26          11 (4.310231220849106E-003,0.000000000000000E+000)
          26          12 (-7.535574214937637E-004,0.000000000000000E+000)
          26          13 (1.546768384768978E-002,0.000000000000000E+000)
          26          14 (-2.972695209642497E-002,0.000000000000000E+000)
          26          15 (-1.036448881774294E-002,0.000000000000000E+000)
          26          16 (-6.436525296156292E-003,0.000000000000000E+000)
          26          17 (2.223581513042347E-003,0.000000000000000E+000)
          26          18 (-4.224245166277278E-003,0.000000000000000E+000)
          26          19 (4.462726582299587E-003,0.000000000000000E+000)
          26          20 (-5.085905213234262E-003,0.000000000000000E+000)
          26          21 (-1.472300431070850E-003,0.000000000000000E+000)
          26          22 (-8.126090091737330E-003,0.000000000000000E+000)
          26          23 (-1.015809773983673E-002,0.000000000000000E+000)
          26          24 (-7.650616703479921E-002,0.000000000000000E+000)
          26          25 (-2.072310887043053E-002,0.000000000000000E+000)
          26          26 (-0.565295266084288,0.000000000000000E+000)
          27           1 (3.456846871552333E-003,0.000000000000000E+000)
          27           2 (4.077203928167829E-004,0.000000000000000E+000)
          27           3 (-5.459329138656085E-003,0.000000000000000E+000)
          27           4 (2.053542484196248E-004,0.000000000000000E+000)
          27           5 (-6.655586197208885E-003,0.000000000000000E+000)
          27           6 (-4.553295754258479E-003,0.000000000000000E+000)
          27           7 (-1.448547670839230E-002,0.000000000000000E+000)
          27           8 (5.629084936841905E-003,0.000000000000000E+000)
          27           9 (-1.303370384610167E-002,0.000000000000000E+000)
          27          10 (-1.528699176877783E-002,0.000000000000000E+000)
          27          11 (2.311018275884012E-003,0.000000000000000E+000)
          27          12 (-9.271078027306913E-004,0.000000000000000E+000)
          27          13 (9.127240435723522E-003,0.000000000000000E+000)
          27          14 (-9.966779625187813E-004,0.000000000000000E+000)
          27          15 (4.676216640651373E-003,0.000000000000000E+000)
          27          16 (1.120742108681686E-002,0.000000000000000E+000)
          27          17 (-1.552244180834765E-004,0.000000000000000E+000)
          27          18 (3.105236062525867E-003,0.000000000000000E+000)
          27          19 (-7.232776279310557E-004,0.000000000000000E+000)
          27          20 (4.909750628991167E-004,0.000000000000000E+000)
          27          21 (-2.995937321933730E-003,0.000000000000000E+000)
          27          22 (1.634022962380114E-002,0.000000000000000E+000)
          27          23 (-6.349184039645911E-002,0.000000000000000E+000)
          27          24 (-1.683832398852729E-002,0.000000000000000E+000)
          27          25 (1.014721706796594E-002,0.000000000000000E+000)
          27          26 (-2.809320210969778E-002,0.000000000000000E+000)
          27          27 (-0.437237829780991,0.000000000000000E+000)
          28           1 (-1.713046379299716E-003,0.000000000000000E+000)
          28           2 (-3.049579103377657E-003,0.000000000000000E+000)
          28           3 (2.115930666884872E-003,0.000000000000000E+000)
          28           4 (1.462949552925126E-003,0.000000000000000E+000)
          28           5 (-8.882438200256146E-003,0.000000000000000E+000)
          28           6 (-2.516081964660187E-003,0.000000000000000E+000)
          28           7 (1.243069541155872E-002,0.000000000000000E+000)
          28           8 (-2.730410989038564E-004,0.000000000000000E+000)
          28           9 (1.193737917646026E-002,0.000000000000000E+000)
          28          10 (6.984748164896953E-003,0.000000000000000E+000)
          28          11 (-3.371084707721523E-003,0.000000000000000E+000)
          28          12 (-8.489626945907088E-004,0.000000000000000E+000)
          28          13 (-9.791191768278954E-003,0.000000000000000E+000)
          28          14 (-3.642039593126364E-003,0.000000000000000E+000)
          28          15 (5.402513943605103E-003,0.000000000000000E+000)
          28          16 (1.939117539614783E-002,0.000000000000000E+000)
          28          17 (-4.306676725297370E-003,0.000000000000000E+000)
          28          18 (7.295597727982951E-003,0.000000000000000E+000)
          28          19 (-4.242142259437380E-003,0.000000000000000E+000)
          28          20 (4.972647576963423E-003,0.000000000000000E+000)
          28          21 (1.072791364918858E-002,0.000000000000000E+000)
          28          22 (-1.513104449074531E-002,0.000000000000000E+000)
          28          23 (1.066636407243760E-002,0.000000000000000E+000)
          28          24 (3.226073620066652E-003,0.000000000000000E+000)
          28          25 (2.671203485776850E-003,0.000000000000000E+000)
          28          26 (-7.057124753440214E-002,0.000000000000000E+000)
          28          27 (-3.679371582390986E-002,0.000000000000000E+000)
          28          28 (-0.574523245881235,0.000000000000000E+000)
          29           1 (1.368111506943147E-003,0.000000000000000E+000)
          29           2 (1.535272289844075E-003,0.000000000000000E+000)
          29           3 (1.147994674382778E-004,0.000000000000000E+000)
          29           4 (-1.639708384608614E-003,0.000000000000000E+000)
          29           5 (-5.889578955574817E-004,0.000000000000000E+000)
          29           6 (-3.038841864386709E-004,0.000000000000000E+000)
          29           7 (-8.676403105345079E-003,0.000000000000000E+000)
          29           8 (3.170992516678113E-003,0.000000000000000E+000)
          29           9 (-4.728578724428460E-003,0.000000000000000E+000)
          29          10 (-2.531283514549473E-003,0.000000000000000E+000)
          29          11 (7.419965090284247E-004,0.000000000000000E+000)
          29          12 (-1.156947160665032E-004,0.000000000000000E+000)
          29          13 (1.428687810073445E-003,0.000000000000000E+000)
          29          14 (5.003746698516366E-003,0.000000000000000E+000)
          29          15 (1.975644103649532E-003,0.000000000000000E+000)
          29          16 (-2.024955210679074E-003,0.000000000000000E+000)
          29          17 (-6.684253311965514E-004,0.000000000000000E+000)
          29          18 (1.361946493484598E-003,0.000000000000000E+000)
          29          19 (4.217343459303295E-003,0.000000000000000E+000)
          29          20 (-1.077594939147551E-003,0.000000000000000E+000)
          29          21 (-2.900723773453665E-003,0.000000000000000E+000)
          29          22 (6.264245309924721E-003,0.000000000000000E+000)
          29          23 (-1.037609303374995E-002,0.000000000000000E+000)
          29          24 (1.183267910307788E-002,0.000000000000000E+000)
          29          25 (1.543407108127563E-002,0.000000000000000E+000)
          29          26 (2.153536316471132E-003,0.000000000000000E+000)
          29          27 (7.651633103453870E-002,0.000000000000000E+000)
          29          28 (-4.939182407428285E-002,0.000000000000000E+000)
          29          29 (-0.456680352918119,0.000000000000000E+000)
          30           1 (1.951362673195817E-004,0.000000000000000E+000)
          30           2 (1.736383810781356E-003,0.000000000000000E+000)
          30           3 (2.738094219081597E-003,0.000000000000000E+000)
          30           4 (-2.693396856244656E-004,0.000000000000000E+000)
          30           5 (3.628539069709877E-004,0.000000000000000E+000)
          30           6 (-3.132993010182751E-003,0.000000000000000E+000)
          30           7 (-7.028604038665174E-003,0.000000000000000E+000)
          30           8 (2.199355534744615E-003,0.000000000000000E+000)
          30           9 (2.536165413257196E-003,0.000000000000000E+000)
          30          10 (8.680798332490105E-004,0.000000000000000E+000)
          30          11 (-1.082086197930195E-003,0.000000000000000E+000)
          30          12 (3.589822934462875E-004,0.000000000000000E+000)
          30          13 (-7.870370542902192E-003,0.000000000000000E+000)
          30          14 (-1.949752998041676E-003,0.000000000000000E+000)
          30          15 (-5.205459285836586E-005,0.000000000000000E+000)
          30          16 (-2.843377739227817E-003,0.000000000000000E+000)
          30          17 (-2.591640854042456E-003,0.000000000000000E+000)
          30          18 (5.902373222269153E-003,0.000000000000000E+000)
          30          19 (-5.322638653645064E-003,0.000000000000000E+000)
          30          20 (4.323241190101034E-003,0.000000000000000E+000)
          30          21 (-6.221918587517497E-003,0.000000000000000E+000)
          30          22 (5.956718705506591E-003,0.000000000000000E+000)
          30          23 (-3.867242002488620E-003,0.000000000000000E+000)
          30          24 (2.909939081132321E-002,0.000000000000000E+000)
          30          25 (3.210991933198342E-003,0.000000000000000E+000)
          30          26 (-8.890732069850216E-003,0.000000000000000E+000)
          30          27 (4.239908234880488E-002,0.000000000000000E+000)
          30          28 (1.691932752045795E-002,0.000000000000000E+000)
          30          29 (3.311316955596048E-004,0.000000000000000E+000)
          30          30 (-0.492408240073395,0.000000000000000E+000)
          31           1 (-1.316712328723506E-004,0.000000000000000E+000)
          31           2 (6.381621474326870E-004,0.000000000000000E+000)
          31           3 (1.810604107316248E-003,0.000000000000000E+000)
          31           4 (4.408720933378497E-004,0.000000000000000E+000)
          31           5 (9.068326917976615E-004,0.000000000000000E+000)
          31           6 (-2.454504047924075E-003,0.000000000000000E+000)
          31           7 (-1.899062080462343E-003,0.000000000000000E+000)
          31           8 (2.112986100407854E-004,0.000000000000000E+000)
          31           9 (1.789257729902284E-003,0.000000000000000E+000)
          31          10 (1.399377516609798E-003,0.000000000000000E+000)
          31          11 (-2.331589955859602E-003,0.000000000000000E+000)
          31          12 (-2.783602183068736E-004,0.000000000000000E+000)
          31          13 (-5.382844603194006E-003,0.000000000000000E+000)
          31          14 (-3.941278018413868E-003,0.000000000000000E+000)
          31          15 (-1.310076163268729E-003,0.000000000000000E+000)
          31          16 (-2.062963730725673E-003,0.000000000000000E+000)
          31          17 (-1.765638176449370E-003,0.000000000000000E+000)
          31          18 (-2.276770422312121E-003,0.000000000000000E+000)
          31          19 (-8.967743553767124E-003,0.000000000000000E+000)
          31          20 (6.255441184985819E-003,0.000000000000000E+000)
          31          21 (-1.980864007763371E-004,0.000000000000000E+000)
          31          22 (2.521268599289632E-003,0.000000000000000E+000)
          31          23 (-6.703071737779475E-004,0.000000000000000E+000)
          31          24 (1.318054083793563E-002,0.000000000000000E+000)
          31          25 (4.008311445694480E-003,0.000000000000000E+000)
          31          26 (-5.967392430987745E-003,0.000000000000000E+000)
          31          27 (1.751569773025023E-002,0.000000000000000E+000)
          31          28 (3.345438642669252E-002,0.000000000000000E+000)
          31          29 (-1.223223013736759E-002,0.000000000000000E+000)
          31          30 (4.125114043519019E-002,0.000000000000000E+000)
          31          31 (-0.542885691098753,0.000000000000000E+000)
          32           1 (1.516904868808161E-004,0.000000000000000E+000)
          32           2 (2.468731596247042E-004,0.000000000000000E+000)
          32           3 (-2.290185269441260E-004,0.000000000000000E+000)
          32           4 (-4.692832894264295E-004,0.000000000000000E+000)
          32           5 (-2.089915201567943E-004,0.000000000000000E+000)
          32           6 (5.623508467127046E-004,0.000000000000000E+000)
          32           7 (-1.871283128009597E-003,0.000000000000000E+000)
          32           8 (2.395840214677885E-004,0.000000000000000E+000)
          32           9 (-2.955773116395575E-004,0.000000000000000E+000)
          32          10 (-1.194801787443342E-003,0.000000000000000E+000)
          32          11 (-2.017957253183130E-004,0.000000000000000E+000)
          32          12 (4.487190436843291E-004,0.000000000000000E+000)
          32          13 (1.218190118745945E-003,0.000000000000000E+000)
          32          14 (2.011792590352712E-003,0.000000000000000E+000)
          32          15 (7.975867727892270E-004,0.000000000000000E+000)
          32          16 (1.392706095915768E-004,0.000000000000000E+000)
          32          17 (1.827219396561335E-003,0.000000000000000E+000)
          32          18 (3.826797250957976E-003,0.000000000000000E+000)
          32          19 (-2.214050237053573E-003,0.000000000000000E+000)
          32          20 (-6.454675222990174E-003,0.000000000000000E+000)
          32          21 (-2.015603634295198E-003,0.000000000000000E+000)
          32          22 (1.513495229182757E-003,0.000000000000000E+000)
          32          23 (1.668081046227372E-004,0.000000000000000E+000)
          32          24 (-3.543559409898505E-004,0.000000000000000E+000)
          32          25 (9.342589761247059E-003,0.000000000000000E+000)
          32          26 (4.414094497265674E-003,0.000000000000000E+000)
          32          27 (3.776582859494337E-003,0.000000000000000E+000)
          32          28 (-1.097555430245569E-002,0.000000000000000E+000)
          32          29 (7.956940576522289E-003,0.000000000000000E+000)
          32          30 (-1.249964515444793E-002,0.000000000000000E+000)
          32          31 (-2.914874175681775E-002,0.000000000000000E+000)
          32          32 (-0.544539894023413,0.000000000000000E+000)
          33           1 (-3.918191796272088E-004,0.000000000000000E+000)
          33           2 (-9.034107689088839E-004,0.000000000000000E+000)
          33           3 (1.296040208295621E-003,0.000000000000000E+000)
          33           4 (1.378442498825615E-003,0.000000000000000E+000)
          33           5 (2.310653000056417E-003,0.000000000000000E+000)
          33           6 (-5.087528655579369E-003,0.000000000000000E+000)
          33           7 (3.858605155853259E-003,0.000000000000000E+000)
          33           8 (3.159145569250944E-003,0.000000000000000E+000)
          33           9 (3.749478911414783E-003,0.000000000000000E+000)
          33          10 (1.696297240197189E-003,0.000000000000000E+000)
          33          11 (-1.647274145585314E-003,0.000000000000000E+000)
          33          12 (-4.113511860472904E-004,0.000000000000000E+000)
          33          13 (-2.520575833415756E-003,0.000000000000000E+000)
          33          14 (-8.689983117381561E-003,0.000000000000000E+000)
          33          15 (-4.705753345019924E-003,0.000000000000000E+000)
          33          16 (-3.359059025718373E-003,0.000000000000000E+000)
          33          17 (-1.676093624325405E-002,0.000000000000000E+000)
          33          18 (7.538435419257933E-003,0.000000000000000E+000)
          33          19 (-4.030819600116746E-003,0.000000000000000E+000)
          33          20 (2.376213384262368E-003,0.000000000000000E+000)
          33          21 (3.113722861402590E-003,0.000000000000000E+000)
          33          22 (-4.955982433135477E-003,0.000000000000000E+000)
          33          23 (1.103971948112774E-003,0.000000000000000E+000)
          33          24 (1.923090906787678E-004,0.000000000000000E+000)
          33          25 (-3.163677716564531E-003,0.000000000000000E+000)
          33          26 (7.382346882582793E-004,0.000000000000000E+000)
          33          27 (1.135306230933193E-002,0.000000000000000E+000)
          33          28 (5.579346276162873E-002,0.000000000000000E+000)
          33          29 (-9.610151528394867E-005,0.000000000000000E+000)
          33          30 (4.461057488253346E-002,0.000000000000000E+000)
          33          31 (1.107856146448994E-002,0.000000000000000E+000)
          33          32 (2.023885921377157E-002,0.000000000000000E+000)
          33          33 (-0.542032333964325,0.000000000000000E+000)
          34           1 (-1.378406934841678E-004,0.000000000000000E+000)
          34           2 (1.346802529103222E-003,0.000000000000000E+000)
          34           3 (2.011859112241811E-003,0.000000000000000E+000)
          34           4 (-6.634240500183637E-004,0.000000000000000E+000)
          34           5 (-3.680214688703823E-003,0.000000000000000E+000)
          34           6 (-5.093493577168902E-003,0.000000000000000E+000)
          34           7 (-3.307342328619300E-003,0.000000000000000E+000)
          34           8 (-1.986119412927285E-004,0.000000000000000E+000)
          34           9 (9.016796333158345E-004,0.000000000000000E+000)
          34          10 (2.823366651165530E-003,0.000000000000000E+000)
          34          11 (-5.869560002347764E-004,0.000000000000000E+000)
          34          12 (9.578703065805776E-004,0.000000000000000E+000)
          34          13 (-8.359679264128502E-003,0.000000000000000E+000)
          34          14 (3.228261302541426E-004,0.000000000000000E+000)
          34          15 (4.095840317285423E-003,0.000000000000000E+000)
          34          16 (1.202053966662018E-002,0.000000000000000E+000)
          34          17 (-9.259949046798832E-003,0.000000000000000E+000)
          34          18 (-4.854878814918515E-003,0.000000000000000E+000)
          34          19 (2.453767885337310E-003,0.000000000000000E+000)
          34          20 (-2.281631420427956E-003,0.000000000000000E+000)
          34          21 (-7.698696183754340E-003,0.000000000000000E+000)
          34          22 (7.439734288434625E-003,0.000000000000000E+000)
          34          23 (6.954286751551749E-004,0.000000000000000E+000)
          34          24 (2.076699938562377E-002,0.000000000000000E+000)
          34          25 (7.737091773345917E-003,0.000000000000000E+000)
          34          26 (-2.072626100679474E-002,0.000000000000000E+000)
          34          27 (2.907620738067902E-003,0.000000000000000E+000)
          34          28 (1.174566272526753E-002,0.000000000000000E+000)
          34          29 (1.000587413786231E-002,0.000000000000000E+000)
          34          30 (-2.218912260298777E-002,0.000000000000000E+000)
          34          31 (-4.332679573940439E-002,0.000000000000000E+000)
          34          32 (8.706715026100228E-003,0.000000000000000E+000)
          34          33 (1.118373025717655E-002,0.000000000000000E+000)
          34          34 (-0.519990963056099,0.000000000000000E+000)
          35           1 (-1.431390653448304E-003,0.000000000000000E+000)
          35           2 (3.570600120223009E-004,0.000000000000000E+000)
          35           3 (2.844112998387181E-004,0.000000000000000E+000)
          35           4 (-1.521506793646141E-003,0.000000000000000E+000)
          35           5 (2.983055618864400E-003,0.000000000000000E+000)
          35           6 (-2.100663317166953E-003,0.000000000000000E+000)
          35           7 (-2.246713511207061E-003,0.000000000000000E+000)
          35           8 (-2.520172408409699E-003,0.000000000000000E+000)
          35           9 (5.650776987077832E-003,0.000000000000000E+000)
          35          10 (7.313203892053741E-003,0.000000000000000E+000)
          35          11 (-9.427635684924915E-004,0.000000000000000E+000)
          35          12 (4.791941382996461E-004,0.000000000000000E+000)
          35          13 (-2.739021710836346E-003,0.000000000000000E+000)
          35          14 (-1.338805820399101E-003,0.000000000000000E+000)
          35          15 (-1.860873665347160E-003,0.000000000000000E+000)
          35          16 (-4.379738005632934E-003,0.000000000000000E+000)
          35          17 (-2.022506687770350E-003,0.000000000000000E+000)
          35          18 (-4.525425118865884E-003,0.000000000000000E+000)
          35          19 (4.447206444364513E-005,0.000000000000000E+000)
          35          20 (1.982786430015363E-003,0.000000000000000E+000)
          35          21 (-1.478645064493746E-002,0.000000000000000E+000)
          35          22 (1.186219710099472E-002,0.000000000000000E+000)
          35          23 (7.275794750238689E-003,0.000000000000000E+000)
          35          24 (1.192072881781751E-002,0.000000000000000E+000)
          35          25 (-2.017574907798834E-003,0.000000000000000E+000)
          35          26 (1.746552338071522E-002,0.000000000000000E+000)
          35          27 (-4.957088186226941E-002,0.000000000000000E+000)
          35          28 (2.492646932676906E-002,0.000000000000000E+000)
          35          29 (-2.328088344241556E-002,0.000000000000000E+000)
          35          30 (-1.432684081638241E-004,0.000000000000000E+000)
          35          31 (-1.987935043035511E-003,0.000000000000000E+000)
          35          32 (-2.255345960895752E-003,0.000000000000000E+000)
          35          33 (-1.279384672615466E-002,0.000000000000000E+000)
          35          34 (4.109542366237434E-002,0.000000000000000E+000)
          35          35 (-0.481138048272126,0.000000000000000E+000)
          36           1 (2.511563693638084E-003,0.000000000000000E+000)
          36           2 (4.025324528373131E-003,0.000000000000000E+000)
          36           3 (-2.969705607877512E-003,0.000000000000000E+000)
          36           4 (5.295422457082682E-003,0.000000000000000E+000)
          36           5 (-6.783735939627295E-004,0.000000000000000E+000)
          36           6 (4.219292662804094E-003,0.000000000000000E+000)
          36           7 (-6.154626062877424E-003,0.000000000000000E+000)
          36           8 (3.740840089699177E-003,0.000000000000000E+000)
          36           9 (-8.692347090263305E-003,0.000000000000000E+000)
          36          10 (-6.506757472650478E-003,0.000000000000000E+000)
          36          11 (1.575838346487535E-003,0.000000000000000E+000)
          36          12 (1.474759190134589E-003,0.000000000000000E+000)
          36          13 (-1.145433337476669E-002,0.000000000000000E+000)
          36          14 (-1.404259434279622E-002,0.000000000000000E+000)
          36          15 (1.650608926138686E-005,0.000000000000000E+000)
          36          16 (-8.421091207071338E-003,0.000000000000000E+000)
          36          17 (8.330818470127023E-003,0.000000000000000E+000)
          36          18 (3.237094506323583E-003,0.000000000000000E+000)
          36          19 (2.431096567174705E-003,0.000000000000000E+000)
          36          20 (1.154995514646913E-002,0.000000000000000E+000)
          36          21 (-3.154175156703673E-002,0.000000000000000E+000)
          36          22 (4.000871340875853E-002,0.000000000000000E+000)
          36          23 (-1.143385343536548E-002,0.000000000000000E+000)
          36          24 (-2.230512712765639E-002,0.000000000000000E+000)
          36          25 (-1.579947753875294E-003,0.000000000000000E+000)
          36          26 (-3.814078601815188E-002,0.000000000000000E+000)
          36          27 (-1.328451936114759E-002,0.000000000000000E+000)
          36          28 (-8.797617252157431E-003,0.000000000000000E+000)
          36          29 (-2.816453958296391E-002,0.000000000000000E+000)
          36          30 (5.843759500567861E-003,0.000000000000000E+000)
          36          31 (1.745544495730489E-002,0.000000000000000E+000)
          36          32 (-6.205258657767186E-003,0.000000000000000E+000)
          36          33 (2.776545587284913E-002,0.000000000000000E+000)
          36          34 (6.577850236591748E-003,0.000000000000000E+000)
          36          35 (9.043758065216699E-002,0.000000000000000E+000)
          36          36 (-0.489743412305320,0.000000000000000E+000)
          37           1 (3.325090231807290E-003,0.000000000000000E+000)
          37           2 (6.141697601897006E-004,0.000000000000000E+000)
          37           3 (-6.534356141613837E-003,0.000000000000000E+000)
          37           4 (3.588294335756029E-003,0.000000000000000E+000)
          37           5 (-2.998198433202624E-003,0.000000000000000E+000)
          37           6 (5.920092356586249E-004,0.000000000000000E+000)
          37           7 (-7.932198307430745E-004,0.000000000000000E+000)
          37           8 (1.475761662121504E-003,0.000000000000000E+000)
          37           9 (-1.015979997333073E-002,0.000000000000000E+000)
          37          10 (-1.085940854139873E-002,0.000000000000000E+000)
          37          11 (2.702607952339192E-003,0.000000000000000E+000)
          37          12 (-5.275749549693192E-004,0.000000000000000E+000)
          37          13 (7.581829847601557E-003,0.000000000000000E+000)
          37          14 (-1.108982520178342E-002,0.000000000000000E+000)
          37          15 (2.617257015089317E-005,0.000000000000000E+000)
          37          16 (3.918970238112537E-003,0.000000000000000E+000)
          37          17 (3.861399231084483E-003,0.000000000000000E+000)
          37          18 (-2.447959462348978E-003,0.000000000000000E+000)
          37          19 (4.331584137886004E-003,0.000000000000000E+000)
          37          20 (4.454156826672438E-003,0.000000000000000E+000)
          37          21 (-1.263804694550641E-002,0.000000000000000E+000)
          37          22 (1.686397055795046E-002,0.000000000000000E+000)
          37          23 (-1.494496905945690E-002,0.000000000000000E+000)
          37          24 (-3.804181182258307E-002,0.000000000000000E+000)
          37          25 (-2.325857712161077E-003,0.000000000000000E+000)
          37          26 (-3.086295010799194E-002,0.000000000000000E+000)
          37          27 (7.482147484102467E-002,0.000000000000000E+000)
          37          28 (2.347037156508535E-003,0.000000000000000E+000)
          37          29 (-8.609654896547143E-003,0.000000000000000E+000)
          37          30 (-2.416661857360061E-002,0.000000000000000E+000)
          37          31 (-1.959802111546983E-002,0.000000000000000E+000)
          37          32 (-5.260000981565476E-003,0.000000000000000E+000)
          37          33 (-2.713559338013644E-002,0.000000000000000E+000)
          37          34 (-5.388364901124987E-003,0.000000000000000E+000)
          37          35 (4.386880940493451E-002,0.000000000000000E+000)
          37          36 (4.885732740471141E-002,0.000000000000000E+000)
          37          37 (-0.455356513263482,0.000000000000000E+000)
          38           1 (1.308281845237162E-003,0.000000000000000E+000)
          38           2 (-4.847481832499059E-003,0.000000000000000E+000)
          38           3 (-3.711030718427217E-003,0.000000000000000E+000)
          38           4 (-3.086578454063174E-003,0.000000000000000E+000)
          38           5 (-1.275022445483070E-003,0.000000000000000E+000)
          38           6 (-4.358636170984261E-005,0.000000000000000E+000)
          38           7 (1.031066519705031E-002,0.000000000000000E+000)
          38           8 (3.592124505793349E-004,0.000000000000000E+000)
          38           9 (-4.953033583777414E-005,0.000000000000000E+000)
          38          10 (-4.607631118861854E-003,0.000000000000000E+000)
          38          11 (5.740441987273933E-004,0.000000000000000E+000)
          38          12 (-2.416680096743385E-003,0.000000000000000E+000)
          38          13 (2.009966040904026E-002,0.000000000000000E+000)
          38          14 (9.262837055443538E-003,0.000000000000000E+000)
          38          15 (-1.100711077487115E-003,0.000000000000000E+000)
          38          16 (3.958394188508716E-003,0.000000000000000E+000)
          38          17 (-2.673649871042114E-003,0.000000000000000E+000)
          38          18 (3.891694762548222E-003,0.000000000000000E+000)
          38          19 (4.108994458042713E-005,0.000000000000000E+000)
          38          20 (-6.624132780413959E-003,0.000000000000000E+000)
          38          21 (2.492655121129093E-002,0.000000000000000E+000)
          38          22 (-2.565018231846412E-002,0.000000000000000E+000)
          38          23 (-3.945136239947510E-004,0.000000000000000E+000)
          38          24 (-3.020060401618482E-002,0.000000000000000E+000)
          38          25 (-8.741865007656779E-003,0.000000000000000E+000)
          38          26 (3.126307912594831E-002,0.000000000000000E+000)
          38          27 (6.116871982081640E-002,0.000000000000000E+000)
          38          28 (6.890654157281741E-004,0.000000000000000E+000)
          38          29 (1.197721932300465E-002,0.000000000000000E+000)
          38          30 (4.091880707509897E-004,0.000000000000000E+000)
          38          31 (4.056061125022071E-003,0.000000000000000E+000)
          38          32 (2.939186670905319E-003,0.000000000000000E+000)
          38          33 (2.775983081357673E-002,0.000000000000000E+000)
          38          34 (6.346449408409062E-003,0.000000000000000E+000)
          38          35 (-1.673497324275616E-002,0.000000000000000E+000)
          38          36 (-6.037917060620667E-002,0.000000000000000E+000)
          38          37 (-4.777097747175176E-002,0.000000000000000E+000)
          38          38 (-0.562237643696715,0.000000000000000E+000)
          39           1 (3.637666751352912E-004,0.000000000000000E+000)
          39           2 (-2.294173858455572E-003,0.000000000000000E+000)
          39           3 (-6.639511898194218E-004,0.000000000000000E+000)
          39           4 (-5.922515155207635E-004,0.000000000000000E+000)
          39           5 (3.623110568102680E-004,0.000000000000000E+000)
          39           6 (8.463378135836683E-004,0.000000000000000E+000)
          39           7 (2.141402299236614E-003,0.000000000000000E+000)
          39           8 (-3.013189682815897E-003,0.000000000000000E+000)
          39           9 (2.398563679246799E-003,0.000000000000000E+000)
          39          10 (1.586417084453715E-003,0.000000000000000E+000)
          39          11 (1.595482890042171E-004,0.000000000000000E+000)
          39          12 (-4.434602071445976E-004,0.000000000000000E+000)
          39          13 (5.556597911490151E-003,0.000000000000000E+000)
          39          14 (2.406654453963090E-003,0.000000000000000E+000)
          39          15 (8.857950557092436E-004,0.000000000000000E+000)
          39          16 (3.381264890352929E-003,0.000000000000000E+000)
          39          17 (3.671278518263720E-003,0.000000000000000E+000)
          39          18 (-1.850188458216995E-003,0.000000000000000E+000)
          39          19 (-1.510139870226294E-003,0.000000000000000E+000)
          39          20 (-2.994692825737064E-003,0.000000000000000E+000)
          39          21 (3.320548240365468E-003,0.000000000000000E+000)
          39          22 (-1.501763048482111E-003,0.000000000000000E+000)
          39          23 (1.814416864878766E-003,0.000000000000000E+000)
          39          24 (-9.784497143399996E-004,0.000000000000000E+000)
          39          25 (-2.097293196774472E-003,0.000000000000000E+000)
          39          26 (1.877848755453919E-002,0.000000000000000E+000)
          39          27 (1.066368407308250E-002,0.000000000000000E+000)
          39          28 (-1.697383647096216E-002,0.000000000000000E+000)
          39          29 (3.349527269824770E-003,0.000000000000000E+000)
          39          30 (-3.725319224633294E-003,0.000000000000000E+000)
          39          31 (-1.484780446190615E-004,0.000000000000000E+000)
          39          32 (2.162449667520963E-003,0.000000000000000E+000)
          39          33 (-4.728865016752037E-003,0.000000000000000E+000)
          39          34 (-1.799782320235709E-002,0.000000000000000E+000)
          39          35 (-2.830694090706735E-004,0.000000000000000E+000)
          39          36 (4.513457615567462E-002,0.000000000000000E+000)
          39          37 (-4.065341125338686E-002,0.000000000000000E+000)
          39          38 (-5.920191799357030E-003,0.000000000000000E+000)
          39          39 (-0.532554697426956,0.000000000000000E+000)
          40           1 (1.358895372192550E-003,0.000000000000000E+000)
          40           2 (-3.123765386874435E-003,0.000000000000000E+000)
          40           3 (1.433100922194988E-003,0.000000000000000E+000)
          40           4 (-5.604811195059024E-004,0.000000000000000E+000)
          40           5 (-1.915940560535312E-003,0.000000000000000E+000)
          40           6 (-2.321733514061976E-004,0.000000000000000E+000)
          40           7 (6.424154350025899E-003,0.000000000000000E+000)
          40           8 (1.121064263221530E-003,0.000000000000000E+000)
          40           9 (2.858219816727200E-003,0.000000000000000E+000)
          40          10 (1.714420505983055E-003,0.000000000000000E+000)
          40          11 (-1.189513343993062E-003,0.000000000000000E+000)
          40          12 (-3.716761015037201E-004,0.000000000000000E+000)
          40          13 (-4.771080611971883E-004,0.000000000000000E+000)
          40          14 (5.186429672338706E-003,0.000000000000000E+000)
          40          15 (2.082982344357382E-003,0.000000000000000E+000)
          40          16 (3.732111329034713E-003,0.000000000000000E+000)
          40          17 (-5.936869712054879E-003,0.000000000000000E+000)
          40          18 (4.028878460847118E-003,0.000000000000000E+000)
          40          19 (-1.218620045433529E-003,0.000000000000000E+000)
          40          20 (-5.875749457920128E-004,0.000000000000000E+000)
          40          21 (1.040491785125735E-002,0.000000000000000E+000)
          40          22 (-1.187531658428274E-002,0.000000000000000E+000)
          40          23 (-7.349965391722954E-003,0.000000000000000E+000)
          40          24 (1.294103158017963E-002,0.000000000000000E+000)
          40          25 (7.539098681976893E-003,0.000000000000000E+000)
          40          26 (-7.314806982519842E-003,0.000000000000000E+000)
          40          27 (1.208470092273503E-002,0.000000000000000E+000)
          40          28 (-1.740326552835806E-002,0.000000000000000E+000)
          40          29 (6.114286052627465E-003,0.000000000000000E+000)
          40          30 (1.337585233773629E-002,0.000000000000000E+000)
          40          31 (3.594819766036947E-003,0.000000000000000E+000)
          40          32 (-6.764909554758333E-003,0.000000000000000E+000)
          40          33 (-8.661539980041469E-004,0.000000000000000E+000)
          40          34 (5.670738558063617E-003,0.000000000000000E+000)
          40          35 (-1.203740095662503E-002,0.000000000000000E+000)
          40          36 (-2.622587268734701E-002,0.000000000000000E+000)
          40          37 (-8.085709278762903E-004,0.000000000000000E+000)
          40          38 (-5.259159228899046E-002,0.000000000000000E+000)
          40          39 (3.073251202692494E-002,0.000000000000000E+000)
          40          40 (-0.607345240916432,0.000000000000000E+000)
          41           1 (-2.555232354240038E-004,0.000000000000000E+000)
          41           2 (8.840005477118180E-004,0.000000000000000E+000)
          41           3 (-8.414640021921285E-004,0.000000000000000E+000)
          41           4 (-1.971961493680100E-003,0.000000000000000E+000)
          41           5 (-1.453629439684858E-003,0.000000000000000E+000)
          41           6 (-1.607765369525980E-003,0.000000000000000E+000)
          41           7 (-2.433244346030570E-003,0.000000000000000E+000)
          41           8 (9.461031932130378E-004,0.000000000000000E+000)
          41           9 (3.527208933965815E-004,0.000000000000000E+000)
          41          10 (2.904472707514006E-004,0.000000000000000E+000)
          41          11 (-6.097507885522603E-004,0.000000000000000E+000)
          41          12 (-1.698517551770768E-004,0.000000000000000E+000)
          41          13 (2.360282397856177E-005,0.000000000000000E+000)
          41          14 (4.263060625675583E-003,0.000000000000000E+000)
          41          15 (2.017016040964793E-003,0.000000000000000E+000)
          41          16 (1.217794049430267E-003,0.000000000000000E+000)
          41          17 (-2.185937594594371E-003,0.000000000000000E+000)
          41          18 (-4.539346594258347E-004,0.000000000000000E+000)
          41          19 (-3.265403724342338E-004,0.000000000000000E+000)
          41          20 (-1.994822348052332E-003,0.000000000000000E+000)
          41          21 (-1.194926575671376E-003,0.000000000000000E+000)
          41          22 (3.173653925684015E-003,0.000000000000000E+000)
          41          23 (-3.142543190205638E-004,0.000000000000000E+000)
          41          24 (1.829982638307884E-002,0.000000000000000E+000)
          41          25 (3.646471153029522E-003,0.000000000000000E+000)
          41          26 (4.934823134196574E-004,0.000000000000000E+000)
          41          27 (-5.744869356744375E-002,0.000000000000000E+000)
          41          28 (-6.937835362193856E-003,0.000000000000000E+000)
          41          29 (-1.155610338550151E-002,0.000000000000000E+000)
          41          30 (3.042792634394097E-003,0.000000000000000E+000)
          41          31 (2.209146181403875E-003,0.000000000000000E+000)
          41          32 (3.076174433475573E-003,0.000000000000000E+000)
          41          33 (-4.372812231557956E-003,0.000000000000000E+000)
          41          34 (6.098709002777761E-003,0.000000000000000E+000)
          41          35 (5.679821619213992E-003,0.000000000000000E+000)
          41          36 (6.507525378362692E-003,0.000000000000000E+000)
          41          37 (9.122820042485776E-003,0.000000000000000E+000)
          41          38 (1.881948828735421E-002,0.000000000000000E+000)
          41          39 (8.266621521709759E-003,0.000000000000000E+000)
          41          40 (2.840468514690230E-003,0.000000000000000E+000)
          41          41 (-0.550528501845061,0.000000000000000E+000)
          42           1 (-4.279186043246452E-004,0.000000000000000E+000)
          42           2 (4.477263514228219E-004,0.000000000000000E+000)
          42           3 (5.836531897671649E-004,0.000000000000000E+000)
          42           4 (1.887197277868702E-004,0.000000000000000E+000)
          42           5 (-8.971572626719753E-004,0.000000000000000E+000)
          42           6 (-1.316496297665414E-003,0.000000000000000E+000)
          42           7 (-1.962626060270283E-003,0.000000000000000E+000)
          42           8 (1.498810777061568E-003,0.000000000000000E+000)
          42           9 (2.877597981446765E-003,0.000000000000000E+000)
          42          10 (9.458696059464148E-004,0.000000000000000E+000)
          42          11 (-1.130896522522307E-003,0.000000000000000E+000)
          42          12 (-1.800380954840831E-004,0.000000000000000E+000)
          42          13 (-2.701799498706560E-003,0.000000000000000E+000)
          42          14 (-2.154965298627615E-003,0.000000000000000E+000)
          42          15 (1.278228991543381E-003,0.000000000000000E+000)
          42          16 (-2.782057163165182E-004,0.000000000000000E+000)
          42          17 (1.024461775412875E-003,0.000000000000000E+000)
          42          18 (4.394583970695105E-003,0.000000000000000E+000)
          42          19 (-2.970136233585983E-003,0.000000000000000E+000)
          42          20 (3.689702754488880E-003,0.000000000000000E+000)
          42          21 (-1.273543167752488E-003,0.000000000000000E+000)
          42          22 (-3.499627843429495E-003,0.000000000000000E+000)
          42          23 (-1.572054835626047E-003,0.000000000000000E+000)
          42          24 (1.554432897492192E-002,0.000000000000000E+000)
          42          25 (5.210880633011804E-003,0.000000000000000E+000)
          42          26 (-6.767475200962568E-003,0.000000000000000E+000)
          42          27 (-1.419778900449150E-002,0.000000000000000E+000)
          42          28 (1.420585526910399E-002,0.000000000000000E+000)
          42          29 (-1.135356377289638E-003,0.000000000000000E+000)
          42          30 (1.504581230854110E-002,0.000000000000000E+000)
          42          31 (-1.082013262134238E-003,0.000000000000000E+000)
          42          32 (-9.996774065767312E-003,0.000000000000000E+000)
          42          33 (5.262132590723815E-003,0.000000000000000E+000)
          42          34 (3.272627342611824E-003,0.000000000000000E+000)
          42          35 (-4.153332796755872E-003,0.000000000000000E+000)
          42          36 (-1.683059493391057E-002,0.000000000000000E+000)
          42          37 (-1.189338590592227E-002,0.000000000000000E+000)
          42          38 (2.932564251109257E-003,0.000000000000000E+000)
          42          39 (-6.223630817986685E-002,0.000000000000000E+000)
          42          40 (2.467361092545194E-002,0.000000000000000E+000)
          42          41 (2.638473413709538E-002,0.000000000000000E+000)
          42          42 (-0.512724014898724,0.000000000000000E+000)
          43           1 (9.971928365492214E-004,0.000000000000000E+000)
          43           2 (3.012753914749443E-003,0.000000000000000E+000)
          43           3 (-1.103946433793137E-003,0.000000000000000E+000)
          43           4 (2.024663860297354E-003,0.000000000000000E+000)
          43           5 (-6.887821298196821E-004,0.000000000000000E+000)
          43           6 (1.698642175972280E-003,0.000000000000000E+000)
          43           7 (-5.189040757790759E-003,0.000000000000000E+000)
          43           8 (1.368369444662367E-003,0.000000000000000E+000)
          43           9 (-5.691375716014335E-003,0.000000000000000E+000)
          43          10 (-2.953497248970381E-003,0.000000000000000E+000)
          43          11 (1.005042681898339E-003,0.000000000000000E+000)
          43          12 (8.877883041476264E-004,0.000000000000000E+000)
          43          13 (-3.591205111413826E-003,0.000000000000000E+000)
          43          14 (-3.328155959186539E-003,0.000000000000000E+000)
          43          15 (2.162765773956672E-003,0.000000000000000E+000)
          43          16 (-2.874479489755801E-003,0.000000000000000E+000)
          43          17 (2.134528574976263E-003,0.000000000000000E+000)
          43          18 (-2.588053501401219E-003,0.000000000000000E+000)
          43          19 (3.022185406652024E-003,0.000000000000000E+000)
          43          20 (5.326959095798571E-004,0.000000000000000E+000)
          43          21 (-1.021969447269778E-002,0.000000000000000E+000)
          43          22 (1.149836878173224E-002,0.000000000000000E+000)
          43          23 (-2.135462086891363E-003,0.000000000000000E+000)
          43          24 (3.421334380305356E-003,0.000000000000000E+000)
          43          25 (-5.141274827322167E-004,0.000000000000000E+000)
          43          26 (-1.466320246193916E-003,0.000000000000000E+000)
          43          27 (-4.323376859877995E-002,0.000000000000000E+000)
          43          28 (5.766562445327719E-003,0.000000000000000E+000)
          43          29 (-2.300164169291876E-003,0.000000000000000E+000)
          43          30 (2.011052078644872E-002,0.000000000000000E+000)
          43          31 (8.663395352312083E-003,0.000000000000000E+000)
          43          32 (-7.888580177570966E-003,0.000000000000000E+000)
          43          33 (-9.340737113425202E-004,0.000000000000000E+000)
          43          34 (1.064205445331422E-002,0.000000000000000E+000)
          43          35 (-2.461428503991919E-002,0.000000000000000E+000)
          43          36 (-3.477003638777137E-002,0.000000000000000E+000)
          43          37 (-3.585627744460925E-002,0.000000000000000E+000)
          43          38 (-4.427600094530248E-003,0.000000000000000E+000)
          43          39 (-8.004334265967172E-003,0.000000000000000E+000)
          43          40 (-4.256488802868189E-002,0.000000000000000E+000)
          43          41 (6.536463548886151E-003,0.000000000000000E+000)
          43          42 (-1.321620214882959E-002,0.000000000000000E+000)
          43          43 (-0.461116227843671,0.000000000000000E+000)
          44           1 (-3.185197120224217E-005,0.000000000000000E+000)
          44           2 (-2.966323101992267E-003,0.000000000000000E+000)
          44           3 (-2.944075230467327E-003,0.000000000000000E+000)
          44           4 (5.402586466892692E-005,0.000000000000000E+000)
          44           5 (1.548948832062957E-003,0.000000000000000E+000)
          44           6 (2.714891705828185E-004,0.000000000000000E+000)
          44           7 (4.147547267101381E-003,0.000000000000000E+000)
          44           8 (-2.107690378430598E-003,0.000000000000000E+000)
          44           9 (8.844151225513006E-004,0.000000000000000E+000)
          44          10 (-7.262495003031842E-004,0.000000000000000E+000)
          44          11 (8.289187224091630E-004,0.000000000000000E+000)
          44          12 (-9.794603856319592E-004,0.000000000000000E+000)
          44          13 (1.058570882287505E-002,0.000000000000000E+000)
          44          14 (-1.665941840898999E-003,0.000000000000000E+000)
          44          15 (-3.265051962101174E-003,0.000000000000000E+000)
          44          16 (-6.048323949063841E-004,0.000000000000000E+000)
          44          17 (1.876625079096148E-003,0.000000000000000E+000)
          44          18 (-1.188268053229474E-003,0.000000000000000E+000)
          44          19 (4.902868884221134E-004,0.000000000000000E+000)
          44          20 (4.420146393394053E-005,0.000000000000000E+000)
          44          21 (2.882507410056063E-003,0.000000000000000E+000)
          44          22 (-5.660964830882710E-003,0.000000000000000E+000)
          44          23 (-9.011455470716136E-004,0.000000000000000E+000)
          44          24 (-2.642397715929703E-002,0.000000000000000E+000)
          44          25 (-7.838019420826538E-003,0.000000000000000E+000)
          44          26 (2.122836725954590E-002,0.000000000000000E+000)
          44          27 (2.202922444896366E-002,0.000000000000000E+000)
          44          28 (8.262267468695454E-003,0.000000000000000E+000)
          44          29 (-8.433814836201245E-003,0.000000000000000E+000)
          44          30 (-1.019115686313527E-003,0.000000000000000E+000)
          44          31 (1.236220918682026E-003,0.000000000000000E+000)
          44          32 (-4.575648589684738E-003,0.000000000000000E+000)
          44          33 (9.635557230606042E-003,0.000000000000000E+000)
          44          34 (-9.924643557911873E-003,0.000000000000000E+000)
          44          35 (-3.735973127077311E-003,0.000000000000000E+000)
          44          36 (9.639172356932502E-003,0.000000000000000E+000)
          44          37 (3.632039790472097E-002,0.000000000000000E+000)
          44          38 (1.666753878125650E-003,0.000000000000000E+000)
          44          39 (-9.848982913995838E-003,0.000000000000000E+000)
          44          40 (-7.077874442732189E-003,0.000000000000000E+000)
          44          41 (-4.419135739593424E-002,0.000000000000000E+000)
          44          42 (1.795873942004941E-002,0.000000000000000E+000)
          44          43 (6.379425312421000E-002,0.000000000000000E+000)
          44          44 (-0.546581787416655,0.000000000000000E+000)
          45           1 (0.000000000000000E+000,0.000000000000000E+000)
          45           2 (0.000000000000000E+000,0.000000000000000E+000)
          45           3 (0.000000000000000E+000,0.000000000000000E+000)
          45           4 (0.000000000000000E+000,0.000000000000000E+000)
          45           5 (0.000000000000000E+000,0.000000000000000E+000)
          45           6 (0.000000000000000E+000,0.000000000000000E+000)
          45           7 (0.000000000000000E+000,0.000000000000000E+000)
          45           8 (0.000000000000000E+000,0.000000000000000E+000)
          45           9 (0.000000000000000E+000,0.000000000000000E+000)
          45          10 (0.000000000000000E+000,0.000000000000000E+000)
          45          11 (0.000000000000000E+000,0.000000000000000E+000)
          45          12 (0.000000000000000E+000,0.000000000000000E+000)
          45          13 (0.000000000000000E+000,0.000000000000000E+000)
          45          14 (0.000000000000000E+000,0.000000000000000E+000)
          45          15 (0.000000000000000E+000,0.000000000000000E+000)
          45          16 (0.000000000000000E+000,0.000000000000000E+000)
          45          17 (0.000000000000000E+000,0.000000000000000E+000)
          45          18 (0.000000000000000E+000,0.000000000000000E+000)
          45          19 (0.000000000000000E+000,0.000000000000000E+000)
          45          20 (0.000000000000000E+000,0.000000000000000E+000)
          45          21 (0.000000000000000E+000,0.000000000000000E+000)
          45          22 (0.000000000000000E+000,0.000000000000000E+000)
          45          23 (0.000000000000000E+000,0.000000000000000E+000)
          45          24 (0.000000000000000E+000,0.000000000000000E+000)
          45          25 (0.000000000000000E+000,0.000000000000000E+000)
          45          26 (0.000000000000000E+000,0.000000000000000E+000)
          45          27 (0.000000000000000E+000,0.000000000000000E+000)
          45          28 (0.000000000000000E+000,0.000000000000000E+000)
          45          29 (0.000000000000000E+000,0.000000000000000E+000)
          45          30 (0.000000000000000E+000,0.000000000000000E+000)
          45          31 (0.000000000000000E+000,0.000000000000000E+000)
          45          32 (0.000000000000000E+000,0.000000000000000E+000)
          45          33 (0.000000000000000E+000,0.000000000000000E+000)
          45          34 (0.000000000000000E+000,0.000000000000000E+000)
          45          35 (0.000000000000000E+000,0.000000000000000E+000)
          45          36 (0.000000000000000E+000,0.000000000000000E+000)
          45          37 (0.000000000000000E+000,0.000000000000000E+000)
          45          38 (0.000000000000000E+000,0.000000000000000E+000)
          45          39 (0.000000000000000E+000,0.000000000000000E+000)
          45          40 (0.000000000000000E+000,0.000000000000000E+000)
          45          41 (0.000000000000000E+000,0.000000000000000E+000)
          45          42 (0.000000000000000E+000,0.000000000000000E+000)
          45          43 (0.000000000000000E+000,0.000000000000000E+000)
          45          44 (0.000000000000000E+000,0.000000000000000E+000)
          45          45 (0.000000000000000E+000,0.000000000000000E+000)
          46           1 (0.000000000000000E+000,0.000000000000000E+000)
          46           2 (0.000000000000000E+000,0.000000000000000E+000)
          46           3 (0.000000000000000E+000,0.000000000000000E+000)
          46           4 (0.000000000000000E+000,0.000000000000000E+000)
          46           5 (0.000000000000000E+000,0.000000000000000E+000)
          46           6 (0.000000000000000E+000,0.000000000000000E+000)
          46           7 (0.000000000000000E+000,0.000000000000000E+000)
          46           8 (0.000000000000000E+000,0.000000000000000E+000)
          46           9 (0.000000000000000E+000,0.000000000000000E+000)
          46          10 (0.000000000000000E+000,0.000000000000000E+000)
          46          11 (0.000000000000000E+000,0.000000000000000E+000)
          46          12 (0.000000000000000E+000,0.000000000000000E+000)
          46          13 (0.000000000000000E+000,0.000000000000000E+000)
          46          14 (0.000000000000000E+000,0.000000000000000E+000)
          46          15 (0.000000000000000E+000,0.000000000000000E+000)
          46          16 (0.000000000000000E+000,0.000000000000000E+000)
          46          17 (0.000000000000000E+000,0.000000000000000E+000)
          46          18 (0.000000000000000E+000,0.000000000000000E+000)
          46          19 (0.000000000000000E+000,0.000000000000000E+000)
          46          20 (0.000000000000000E+000,0.000000000000000E+000)
          46          21 (0.000000000000000E+000,0.000000000000000E+000)
          46          22 (0.000000000000000E+000,0.000000000000000E+000)
          46          23 (0.000000000000000E+000,0.000000000000000E+000)
          46          24 (0.000000000000000E+000,0.000000000000000E+000)
          46          25 (0.000000000000000E+000,0.000000000000000E+000)
          46          26 (0.000000000000000E+000,0.000000000000000E+000)
          46          27 (0.000000000000000E+000,0.000000000000000E+000)
          46          28 (0.000000000000000E+000,0.000000000000000E+000)
          46          29 (0.000000000000000E+000,0.000000000000000E+000)
          46          30 (0.000000000000000E+000,0.000000000000000E+000)
          46          31 (0.000000000000000E+000,0.000000000000000E+000)
          46          32 (0.000000000000000E+000,0.000000000000000E+000)
          46          33 (0.000000000000000E+000,0.000000000000000E+000)
          46          34 (0.000000000000000E+000,0.000000000000000E+000)
          46          35 (0.000000000000000E+000,0.000000000000000E+000)
          46          36 (0.000000000000000E+000,0.000000000000000E+000)
          46          37 (0.000000000000000E+000,0.000000000000000E+000)
          46          38 (0.000000000000000E+000,0.000000000000000E+000)
          46          39 (0.000000000000000E+000,0.000000000000000E+000)
          46          40 (0.000000000000000E+000,0.000000000000000E+000)
          46          41 (0.000000000000000E+000,0.000000000000000E+000)
          46          42 (0.000000000000000E+000,0.000000000000000E+000)
          46          43 (0.000000000000000E+000,0.000000000000000E+000)
          46          44 (0.000000000000000E+000,0.000000000000000E+000)
          46          45 (0.000000000000000E+000,0.000000000000000E+000)
          46          46 (0.000000000000000E+000,0.000000000000000E+000)
          47           1 (0.000000000000000E+000,0.000000000000000E+000)
          47           2 (0.000000000000000E+000,0.000000000000000E+000)
          47           3 (0.000000000000000E+000,0.000000000000000E+000)
          47           4 (0.000000000000000E+000,0.000000000000000E+000)
          47           5 (0.000000000000000E+000,0.000000000000000E+000)
          47           6 (0.000000000000000E+000,0.000000000000000E+000)
          47           7 (0.000000000000000E+000,0.000000000000000E+000)
          47           8 (0.000000000000000E+000,0.000000000000000E+000)
          47           9 (0.000000000000000E+000,0.000000000000000E+000)
          47          10 (0.000000000000000E+000,0.000000000000000E+000)
          47          11 (0.000000000000000E+000,0.000000000000000E+000)
          47          12 (0.000000000000000E+000,0.000000000000000E+000)
          47          13 (0.000000000000000E+000,0.000000000000000E+000)
          47          14 (0.000000000000000E+000,0.000000000000000E+000)
          47          15 (0.000000000000000E+000,0.000000000000000E+000)
          47          16 (0.000000000000000E+000,0.000000000000000E+000)
          47          17 (0.000000000000000E+000,0.000000000000000E+000)
          47          18 (0.000000000000000E+000,0.000000000000000E+000)
          47          19 (0.000000000000000E+000,0.000000000000000E+000)
          47          20 (0.000000000000000E+000,0.000000000000000E+000)
          47          21 (0.000000000000000E+000,0.000000000000000E+000)
          47          22 (0.000000000000000E+000,0.000000000000000E+000)
          47          23 (0.000000000000000E+000,0.000000000000000E+000)
          47          24 (0.000000000000000E+000,0.000000000000000E+000)
          47          25 (0.000000000000000E+000,0.000000000000000E+000)
          47          26 (0.000000000000000E+000,0.000000000000000E+000)
          47          27 (0.000000000000000E+000,0.000000000000000E+000)
          47          28 (0.000000000000000E+000,0.000000000000000E+000)
          47          29 (0.000000000000000E+000,0.000000000000000E+000)
          47          30 (0.000000000000000E+000,0.000000000000000E+000)
          47          31 (0.000000000000000E+000,0.000000000000000E+000)
          47          32 (0.000000000000000E+000,0.000000000000000E+000)
          47          33 (0.000000000000000E+000,0.000000000000000E+000)
          47          34 (0.000000000000000E+000,0.000000000000000E+000)
          47          35 (0.000000000000000E+000,0.000000000000000E+000)
          47          36 (0.000000000000000E+000,0.000000000000000E+000)
          47          37 (0.000000000000000E+000,0.000000000000000E+000)
          47          38 (0.000000000000000E+000,0.000000000000000E+000)
          47          39 (0.000000000000000E+000,0.000000000000000E+000)
          47          40 (0.000000000000000E+000,0.000000000000000E+000)
          47          41 (0.000000000000000E+000,0.000000000000000E+000)
          47          42 (0.000000000000000E+000,0.000000000000000E+000)
          47          43 (0.000000000000000E+000,0.000000000000000E+000)
          47          44 (0.000000000000000E+000,0.000000000000000E+000)
          47          45 (0.000000000000000E+000,0.000000000000000E+000)
          47          46 (0.000000000000000E+000,0.000000000000000E+000)
          47          47 (0.000000000000000E+000,0.000000000000000E+000)
          48           1 (0.000000000000000E+000,0.000000000000000E+000)
          48           2 (0.000000000000000E+000,0.000000000000000E+000)
          48           3 (0.000000000000000E+000,0.000000000000000E+000)
          48           4 (0.000000000000000E+000,0.000000000000000E+000)
          48           5 (0.000000000000000E+000,0.000000000000000E+000)
          48           6 (0.000000000000000E+000,0.000000000000000E+000)
          48           7 (0.000000000000000E+000,0.000000000000000E+000)
          48           8 (0.000000000000000E+000,0.000000000000000E+000)
          48           9 (0.000000000000000E+000,0.000000000000000E+000)
          48          10 (0.000000000000000E+000,0.000000000000000E+000)
          48          11 (0.000000000000000E+000,0.000000000000000E+000)
          48          12 (0.000000000000000E+000,0.000000000000000E+000)
          48          13 (0.000000000000000E+000,0.000000000000000E+000)
          48          14 (0.000000000000000E+000,0.000000000000000E+000)
          48          15 (0.000000000000000E+000,0.000000000000000E+000)
          48          16 (0.000000000000000E+000,0.000000000000000E+000)
          48          17 (0.000000000000000E+000,0.000000000000000E+000)
          48          18 (0.000000000000000E+000,0.000000000000000E+000)
          48          19 (0.000000000000000E+000,0.000000000000000E+000)
          48          20 (0.000000000000000E+000,0.000000000000000E+000)
          48          21 (0.000000000000000E+000,0.000000000000000E+000)
          48          22 (0.000000000000000E+000,0.000000000000000E+000)
          48          23 (0.000000000000000E+000,0.000000000000000E+000)
          48          24 (0.000000000000000E+000,0.000000000000000E+000)
          48          25 (0.000000000000000E+000,0.000000000000000E+000)
          48          26 (0.000000000000000E+000,0.000000000000000E+000)
          48          27 (0.000000000000000E+000,0.000000000000000E+000)
          48          28 (0.000000000000000E+000,0.000000000000000E+000)
          48          29 (0.000000000000000E+000,0.000000000000000E+000)
          48          30 (0.000000000000000E+000,0.000000000000000E+000)
          48          31 (0.000000000000000E+000,0.000000000000000E+000)
          48          32 (0.000000000000000E+000,0.000000000000000E+000)
          48          33 (0.000000000000000E+000,0.000000000000000E+000)
          48          34 (0.000000000000000E+000,0.000000000000000E+000)
          48          35 (0.000000000000000E+000,0.000000000000000E+000)
          48          36 (0.000000000000000E+000,0.000000000000000E+000)
          48          37 (0.000000000000000E+000,0.000000000000000E+000)
          48          38 (0.000000000000000E+000,0.000000000000000E+000)
          48          39 (0.000000000000000E+000,0.000000000000000E+000)
          48          40 (0.000000000000000E+000,0.000000000000000E+000)
          48          41 (0.000000000000000E+000,0.000000000000000E+000)
          48          42 (0.000000000000000E+000,0.000000000000000E+000)
          48          43 (0.000000000000000E+000,0.000000000000000E+000)
          48          44 (0.000000000000000E+000,0.000000000000000E+000)
          48          45 (0.000000000000000E+000,0.000000000000000E+000)
          48          46 (0.000000000000000E+000,0.000000000000000E+000)
          48          47 (0.000000000000000E+000,0.000000000000000E+000)
          48          48 (0.000000000000000E+000,0.000000000000000E+000)
          49           1 (0.000000000000000E+000,0.000000000000000E+000)
          49           2 (0.000000000000000E+000,0.000000000000000E+000)
          49           3 (0.000000000000000E+000,0.000000000000000E+000)
          49           4 (0.000000000000000E+000,0.000000000000000E+000)
          49           5 (0.000000000000000E+000,0.000000000000000E+000)
          49           6 (0.000000000000000E+000,0.000000000000000E+000)
          49           7 (0.000000000000000E+000,0.000000000000000E+000)
          49           8 (0.000000000000000E+000,0.000000000000000E+000)
          49           9 (0.000000000000000E+000,0.000000000000000E+000)
          49          10 (0.000000000000000E+000,0.000000000000000E+000)
          49          11 (0.000000000000000E+000,0.000000000000000E+000)
          49          12 (0.000000000000000E+000,0.000000000000000E+000)
          49          13 (0.000000000000000E+000,0.000000000000000E+000)
          49          14 (0.000000000000000E+000,0.000000000000000E+000)
          49          15 (0.000000000000000E+000,0.000000000000000E+000)
          49          16 (0.000000000000000E+000,0.000000000000000E+000)
          49          17 (0.000000000000000E+000,0.000000000000000E+000)
          49          18 (0.000000000000000E+000,0.000000000000000E+000)
          49          19 (0.000000000000000E+000,0.000000000000000E+000)
          49          20 (0.000000000000000E+000,0.000000000000000E+000)
          49          21 (0.000000000000000E+000,0.000000000000000E+000)
          49          22 (0.000000000000000E+000,0.000000000000000E+000)
          49          23 (0.000000000000000E+000,0.000000000000000E+000)
          49          24 (0.000000000000000E+000,0.000000000000000E+000)
          49          25 (0.000000000000000E+000,0.000000000000000E+000)
          49          26 (0.000000000000000E+000,0.000000000000000E+000)
          49          27 (0.000000000000000E+000,0.000000000000000E+000)
          49          28 (0.000000000000000E+000,0.000000000000000E+000)
          49          29 (0.000000000000000E+000,0.000000000000000E+000)
          49          30 (0.000000000000000E+000,0.000000000000000E+000)
          49          31 (0.000000000000000E+000,0.000000000000000E+000)
          49          32 (0.000000000000000E+000,0.000000000000000E+000)
          49          33 (0.000000000000000E+000,0.000000000000000E+000)
          49          34 (0.000000000000000E+000,0.000000000000000E+000)
          49          35 (0.000000000000000E+000,0.000000000000000E+000)
          49          36 (0.000000000000000E+000,0.000000000000000E+000)
          49          37 (0.000000000000000E+000,0.000000000000000E+000)
          49          38 (0.000000000000000E+000,0.000000000000000E+000)
          49          39 (0.000000000000000E+000,0.000000000000000E+000)
          49          40 (0.000000000000000E+000,0.000000000000000E+000)
          49          41 (0.000000000000000E+000,0.000000000000000E+000)
          49          42 (0.000000000000000E+000,0.000000000000000E+000)
          49          43 (0.000000000000000E+000,0.000000000000000E+000)
          49          44 (0.000000000000000E+000,0.000000000000000E+000)
          49          45 (0.000000000000000E+000,0.000000000000000E+000)
          49          46 (0.000000000000000E+000,0.000000000000000E+000)
          49          47 (0.000000000000000E+000,0.000000000000000E+000)
          49          48 (0.000000000000000E+000,0.000000000000000E+000)
          49          49 (0.000000000000000E+000,0.000000000000000E+000)
          50           1 (0.000000000000000E+000,0.000000000000000E+000)
          50           2 (0.000000000000000E+000,0.000000000000000E+000)
          50           3 (0.000000000000000E+000,0.000000000000000E+000)
          50           4 (0.000000000000000E+000,0.000000000000000E+000)
          50           5 (0.000000000000000E+000,0.000000000000000E+000)
          50           6 (0.000000000000000E+000,0.000000000000000E+000)
          50           7 (0.000000000000000E+000,0.000000000000000E+000)
          50           8 (0.000000000000000E+000,0.000000000000000E+000)
          50           9 (0.000000000000000E+000,0.000000000000000E+000)
          50          10 (0.000000000000000E+000,0.000000000000000E+000)
          50          11 (0.000000000000000E+000,0.000000000000000E+000)
          50          12 (0.000000000000000E+000,0.000000000000000E+000)
          50          13 (0.000000000000000E+000,0.000000000000000E+000)
          50          14 (0.000000000000000E+000,0.000000000000000E+000)
          50          15 (0.000000000000000E+000,0.000000000000000E+000)
          50          16 (0.000000000000000E+000,0.000000000000000E+000)
          50          17 (0.000000000000000E+000,0.000000000000000E+000)
          50          18 (0.000000000000000E+000,0.000000000000000E+000)
          50          19 (0.000000000000000E+000,0.000000000000000E+000)
          50          20 (0.000000000000000E+000,0.000000000000000E+000)
          50          21 (0.000000000000000E+000,0.000000000000000E+000)
          50          22 (0.000000000000000E+000,0.000000000000000E+000)
          50          23 (0.000000000000000E+000,0.000000000000000E+000)
          50          24 (0.000000000000000E+000,0.000000000000000E+000)
          50          25 (0.000000000000000E+000,0.000000000000000E+000)
          50          26 (0.000000000000000E+000,0.000000000000000E+000)
          50          27 (0.000000000000000E+000,0.000000000000000E+000)
          50          28 (0.000000000000000E+000,0.000000000000000E+000)
          50          29 (0.000000000000000E+000,0.000000000000000E+000)
          50          30 (0.000000000000000E+000,0.000000000000000E+000)
          50          31 (0.000000000000000E+000,0.000000000000000E+000)
          50          32 (0.000000000000000E+000,0.000000000000000E+000)
          50          33 (0.000000000000000E+000,0.000000000000000E+000)
          50          34 (0.000000000000000E+000,0.000000000000000E+000)
          50          35 (0.000000000000000E+000,0.000000000000000E+000)
          50          36 (0.000000000000000E+000,0.000000000000000E+000)
          50          37 (0.000000000000000E+000,0.000000000000000E+000)
          50          38 (0.000000000000000E+000,0.000000000000000E+000)
          50          39 (0.000000000000000E+000,0.000000000000000E+000)
          50          40 (0.000000000000000E+000,0.000000000000000E+000)
          50          41 (0.000000000000000E+000,0.000000000000000E+000)
          50          42 (0.000000000000000E+000,0.000000000000000E+000)
          50          43 (0.000000000000000E+000,0.000000000000000E+000)
          50          44 (0.000000000000000E+000,0.000000000000000E+000)
          50          45 (0.000000000000000E+000,0.000000000000000E+000)
          50          46 (0.000000000000000E+000,0.000000000000000E+000)
          50          47 (0.000000000000000E+000,0.000000000000000E+000)
          50          48 (0.000000000000000E+000,0.000000000000000E+000)
          50          49 (0.000000000000000E+000,0.000000000000000E+000)
          50          50 (0.000000000000000E+000,0.000000000000000E+000)
          51           1 (0.000000000000000E+000,0.000000000000000E+000)
          51           2 (0.000000000000000E+000,0.000000000000000E+000)
          51           3 (0.000000000000000E+000,0.000000000000000E+000)
          51           4 (0.000000000000000E+000,0.000000000000000E+000)
          51           5 (0.000000000000000E+000,0.000000000000000E+000)
          51           6 (0.000000000000000E+000,0.000000000000000E+000)
          51           7 (0.000000000000000E+000,0.000000000000000E+000)
          51           8 (0.000000000000000E+000,0.000000000000000E+000)
          51           9 (0.000000000000000E+000,0.000000000000000E+000)
          51          10 (0.000000000000000E+000,0.000000000000000E+000)
          51          11 (0.000000000000000E+000,0.000000000000000E+000)
          51          12 (0.000000000000000E+000,0.000000000000000E+000)
          51          13 (0.000000000000000E+000,0.000000000000000E+000)
          51          14 (0.000000000000000E+000,0.000000000000000E+000)
          51          15 (0.000000000000000E+000,0.000000000000000E+000)
          51          16 (0.000000000000000E+000,0.000000000000000E+000)
          51          17 (0.000000000000000E+000,0.000000000000000E+000)
          51          18 (0.000000000000000E+000,0.000000000000000E+000)
          51          19 (0.000000000000000E+000,0.000000000000000E+000)
          51          20 (0.000000000000000E+000,0.000000000000000E+000)
          51          21 (0.000000000000000E+000,0.000000000000000E+000)
          51          22 (0.000000000000000E+000,0.000000000000000E+000)
          51          23 (0.000000000000000E+000,0.000000000000000E+000)
          51          24 (0.000000000000000E+000,0.000000000000000E+000)
          51          25 (0.000000000000000E+000,0.000000000000000E+000)
          51          26 (0.000000000000000E+000,0.000000000000000E+000)
          51          27 (0.000000000000000E+000,0.000000000000000E+000)
          51          28 (0.000000000000000E+000,0.000000000000000E+000)
          51          29 (0.000000000000000E+000,0.000000000000000E+000)
          51          30 (0.000000000000000E+000,0.000000000000000E+000)
          51          31 (0.000000000000000E+000,0.000000000000000E+000)
          51          32 (0.000000000000000E+000,0.000000000000000E+000)
          51          33 (0.000000000000000E+000,0.000000000000000E+000)
          51          34 (0.000000000000000E+000,0.000000000000000E+000)
          51          35 (0.000000000000000E+000,0.000000000000000E+000)
          51          36 (0.000000000000000E+000,0.000000000000000E+000)
          51          37 (0.000000000000000E+000,0.000000000000000E+000)
          51          38 (0.000000000000000E+000,0.000000000000000E+000)
          51          39 (0.000000000000000E+000,0.000000000000000E+000)
          51          40 (0.000000000000000E+000,0.000000000000000E+000)
          51          41 (0.000000000000000E+000,0.000000000000000E+000)
          51          42 (0.000000000000000E+000,0.000000000000000E+000)
          51          43 (0.000000000000000E+000,0.000000000000000E+000)
          51          44 (0.000000000000000E+000,0.000000000000000E+000)
          51          45 (0.000000000000000E+000,0.000000000000000E+000)
          51          46 (0.000000000000000E+000,0.000000000000000E+000)
          51          47 (0.000000000000000E+000,0.000000000000000E+000)
          51          48 (0.000000000000000E+000,0.000000000000000E+000)
          51          49 (0.000000000000000E+000,0.000000000000000E+000)
          51          50 (0.000000000000000E+000,0.000000000000000E+000)
          51          51 (0.000000000000000E+000,0.000000000000000E+000)
