           1           1 (3.060372289076877E-016,0.000000000000000E+000)
           2           1 (0.000000000000000E+000,0.000000000000000E+000)
           2           2 (9.669926125832811E-016,0.000000000000000E+000)
           3           1 (0.000000000000000E+000,0.000000000000000E+000)
           3           2 (0.000000000000000E+000,0.000000000000000E+000)
           3           3 (2.536636852818720E-015,0.000000000000000E+000)
           4           1 (0.000000000000000E+000,0.000000000000000E+000)
           4           2 (0.000000000000000E+000,0.000000000000000E+000)
           4           3 (0.000000000000000E+000,0.000000000000000E+000)
           4           4 (5.427118966250705E-015,0.000000000000000E+000)
           5           1 (0.000000000000000E+000,0.000000000000000E+000)
           5           2 (0.000000000000000E+000,0.000000000000000E+000)
           5           3 (0.000000000000000E+000,0.000000000000000E+000)
           5           4 (0.000000000000000E+000,0.000000000000000E+000)
           5           5 (9.934582351467157E-015,0.000000000000000E+000)
           6           1 (0.000000000000000E+000,0.000000000000000E+000)
           6           2 (0.000000000000000E+000,0.000000000000000E+000)
           6           3 (0.000000000000000E+000,0.000000000000000E+000)
           6           4 (0.000000000000000E+000,0.000000000000000E+000)
           6           5 (0.000000000000000E+000,0.000000000000000E+000)
           6           6 (1.510310341452454E-014,0.000000000000000E+000)
           7           1 (0.000000000000000E+000,0.000000000000000E+000)
           7           2 (0.000000000000000E+000,0.000000000000000E+000)
           7           3 (0.000000000000000E+000,0.000000000000000E+000)
           7           4 (0.000000000000000E+000,0.000000000000000E+000)
           7           5 (0.000000000000000E+000,0.000000000000000E+000)
           7           6 (0.000000000000000E+000,0.000000000000000E+000)
           7           7 (4.314327365607502E-015,0.000000000000000E+000)
           8           1 (0.000000000000000E+000,0.000000000000000E+000)
           8           2 (0.000000000000000E+000,0.000000000000000E+000)
           8           3 (0.000000000000000E+000,0.000000000000000E+000)
           8           4 (0.000000000000000E+000,0.000000000000000E+000)
           8           5 (0.000000000000000E+000,0.000000000000000E+000)
           8           6 (0.000000000000000E+000,0.000000000000000E+000)
           8           7 (0.000000000000000E+000,0.000000000000000E+000)
           8           8 (2.381028439176962E-014,0.000000000000000E+000)
           9           1 (0.000000000000000E+000,0.000000000000000E+000)
           9           2 (0.000000000000000E+000,0.000000000000000E+000)
           9           3 (0.000000000000000E+000,0.000000000000000E+000)
           9           4 (0.000000000000000E+000,0.000000000000000E+000)
           9           5 (0.000000000000000E+000,0.000000000000000E+000)
           9           6 (0.000000000000000E+000,0.000000000000000E+000)
           9           7 (0.000000000000000E+000,0.000000000000000E+000)
           9           8 (0.000000000000000E+000,0.000000000000000E+000)
           9           9 (2.157923280975034E-014,0.000000000000000E+000)
          10           1 (0.000000000000000E+000,0.000000000000000E+000)
          10           2 (0.000000000000000E+000,0.000000000000000E+000)
          10           3 (0.000000000000000E+000,0.000000000000000E+000)
          10           4 (0.000000000000000E+000,0.000000000000000E+000)
          10           5 (0.000000000000000E+000,0.000000000000000E+000)
          10           6 (0.000000000000000E+000,0.000000000000000E+000)
          10           7 (0.000000000000000E+000,0.000000000000000E+000)
          10           8 (0.000000000000000E+000,0.000000000000000E+000)
          10           9 (0.000000000000000E+000,0.000000000000000E+000)
          10          10 (2.190584529819212E-014,0.000000000000000E+000)
