           1           1 (0.306037228907689,0.000000000000000E+000)
           2           1 (0.000000000000000E+000,0.000000000000000E+000)
           2           2 (0.966992612583279,0.000000000000000E+000)
           3           1 (0.000000000000000E+000,0.000000000000000E+000)
           3           2 (0.000000000000000E+000,0.000000000000000E+000)
           3           3 (2.53663685281871,0.000000000000000E+000)
           4           1 (0.000000000000000E+000,0.000000000000000E+000)
           4           2 (0.000000000000000E+000,0.000000000000000E+000)
           4           3 (0.000000000000000E+000,0.000000000000000E+000)
           4           4 (5.42711896625070,0.000000000000000E+000)
           5           1 (0.000000000000000E+000,0.000000000000000E+000)
           5           2 (0.000000000000000E+000,0.000000000000000E+000)
           5           3 (0.000000000000000E+000,0.000000000000000E+000)
           5           4 (0.000000000000000E+000,0.000000000000000E+000)
           5           5 (9.93458235146716,0.000000000000000E+000)
           6           1 (0.000000000000000E+000,0.000000000000000E+000)
           6           2 (0.000000000000000E+000,0.000000000000000E+000)
           6           3 (0.000000000000000E+000,0.000000000000000E+000)
           6           4 (0.000000000000000E+000,0.000000000000000E+000)
           6           5 (0.000000000000000E+000,0.000000000000000E+000)
           6           6 (15.1031034145246,0.000000000000000E+000)
           7           1 (0.000000000000000E+000,0.000000000000000E+000)
           7           2 (0.000000000000000E+000,0.000000000000000E+000)
           7           3 (0.000000000000000E+000,0.000000000000000E+000)
           7           4 (0.000000000000000E+000,0.000000000000000E+000)
           7           5 (0.000000000000000E+000,0.000000000000000E+000)
           7           6 (0.000000000000000E+000,0.000000000000000E+000)
           7           7 (4.31432736560752,0.000000000000000E+000)
           8           1 (0.000000000000000E+000,0.000000000000000E+000)
           8           2 (0.000000000000000E+000,0.000000000000000E+000)
           8           3 (0.000000000000000E+000,0.000000000000000E+000)
           8           4 (0.000000000000000E+000,0.000000000000000E+000)
           8           5 (0.000000000000000E+000,0.000000000000000E+000)
           8           6 (0.000000000000000E+000,0.000000000000000E+000)
           8           7 (0.000000000000000E+000,0.000000000000000E+000)
           8           8 (23.8102843917697,0.000000000000000E+000)
           9           1 (0.000000000000000E+000,0.000000000000000E+000)
           9           2 (0.000000000000000E+000,0.000000000000000E+000)
           9           3 (0.000000000000000E+000,0.000000000000000E+000)
           9           4 (0.000000000000000E+000,0.000000000000000E+000)
           9           5 (0.000000000000000E+000,0.000000000000000E+000)
           9           6 (0.000000000000000E+000,0.000000000000000E+000)
           9           7 (0.000000000000000E+000,0.000000000000000E+000)
           9           8 (0.000000000000000E+000,0.000000000000000E+000)
           9           9 (21.5792328097503,0.000000000000000E+000)
          10           1 (0.000000000000000E+000,0.000000000000000E+000)
          10           2 (0.000000000000000E+000,0.000000000000000E+000)
          10           3 (0.000000000000000E+000,0.000000000000000E+000)
          10           4 (0.000000000000000E+000,0.000000000000000E+000)
          10           5 (0.000000000000000E+000,0.000000000000000E+000)
          10           6 (0.000000000000000E+000,0.000000000000000E+000)
          10           7 (0.000000000000000E+000,0.000000000000000E+000)
          10           8 (0.000000000000000E+000,0.000000000000000E+000)
          10           9 (0.000000000000000E+000,0.000000000000000E+000)
          10          10 (21.9058452981922,0.000000000000000E+000)
